image_width: 1600
image_height: 1200
camera_name: narrow_stereo
camera_matrix:
  rows: 3
  cols: 3
  data: [509.29582,   0.     , 799.5    ,
           0.     , 509.29582, 599.5    ,
           0.     ,   0.     ,   1.     ]
distortion_model: equidistant
distortion_coefficients:
  rows: 1
  cols: 4
  data: [0.000000, 0.000000, 0.000000, 0.000000]
rectification_matrix:
  rows: 3
  cols: 3
  data: [1., 0., 0.,
         0., 1., 0.,
         0., 0., 1.]
projection_matrix:
  rows: 3
  cols: 4
  data: [509.29582,   0.     , 799.5    ,   0.     ,
           0.     , 509.29582, 599.5    ,   0.     ,
           0.     ,   0.     ,   1.     ,   0.     ]
