# oST version 5.0 parameters


[image]

width
1600

height
1200

[narrow_stereo]

camera matrix
509.295818 0.000000 799.500000
0.000000 509.295818 599.500000
0.000000 0.000000 1.000000

distortion
0.000000 0.000000 0.000000 0.000000

rectification
1.000000 0.000000 0.000000
0.000000 1.000000 0.000000
0.000000 0.000000 1.000000

projection
509.295818 0.000000 799.500000 0.000000
0.000000 509.295818 599.500000 0.000000
0.000000 0.000000 1.000000 0.000000
