# oST version 5.0 parameters


[image]

width
1600

height
1200

[narrow_stereo]

camera matrix
1127.998999 0.000000 861.653478
0.000000 1125.863790 594.659308
0.000000 0.000000 1.000000

distortion
0.012297 -0.029136 -0.001495 0.002600 0.000000

rectification
1.000000 0.000000 0.000000
0.000000 1.000000 0.000000
0.000000 0.000000 1.000000

projection
1124.519897 0.000000 866.805736 0.000000
0.000000 1127.216919 592.550492 0.000000
0.000000 0.000000 1.000000 0.000000
